-2.999999999999999737e-04
9.999999999999998040e-04
-9.999999999999996413e-05
0.000000000000000000e+00
-2.999999999999999737e-04
-4.000000000000000192e-04
-2.999999999999999737e-04
-2.000000000000000096e-04
-1.000000000000000454e-04
-5.000000000000000104e-04
-5.999999999999999474e-04
-5.000000000000000104e-04
-5.999999999999999474e-04
-5.000000000000000104e-04
-2.000000000000000096e-04
2.400000000000000223e-03
5.000000000000000104e-04
-6.999999999999999929e-04
2.999999999999999737e-04
0.000000000000000000e+00
1.099999999999999849e-03
9.999999999999996413e-05
1.599999999999999860e-03
6.499999999999999702e-03
1.399999999999999986e-03
3.500000000000000073e-03
8.000000000000000167e-03
1.410000000000000142e-02
1.200000000000000112e-03
8.000000000000000383e-04
2.200000000000000133e-03
-4.000000000000000192e-04
-8.999999999999999754e-04
2.900000000000000234e-03
2.299999999999999961e-03
0.000000000000000000e+00
1.000000000000000048e-04
5.000000000000000104e-04
0.000000000000000000e+00
-2.999999999999999737e-04
-8.999999999999999754e-04
-8.999999999999999754e-04
-6.999999999999999929e-04
1.300000000000000157e-03
-6.999999999999999929e-04
0.000000000000000000e+00
1.200000000000000112e-03
-2.999999999999999737e-04
6.000000000000000125e-03
3.899999999999999821e-03
-8.999999999999999754e-04
3.099999999999999891e-03
1.200000000000000112e-03
2.299999999999999961e-03
-1.999999999999999825e-04
1.999999999999999283e-04
-5.999999999999999474e-04
-8.999999999999999754e-04
-8.000000000000000383e-04
-6.999999999999999929e-04
-4.000000000000000192e-04
1.900000000000000213e-03
-8.999999999999999754e-04
-6.999999999999999929e-04
1.900000000000000213e-03
-1.100000000000000066e-03
-6.999999999999999929e-04
0.000000000000000000e+00
-3.999999999999998565e-04
-1.000000000000000454e-04
4.599999999999999922e-03
-1.000000000000000021e-03
-5.999999999999999474e-04
-8.999999999999999754e-04
-1.500000000000000031e-03
4.099999999999999478e-03
6.899999999999999883e-03
0.000000000000000000e+00
2.700000000000000143e-03
-6.999999999999999929e-04
0.000000000000000000e+00
-1.600000000000000077e-03
8.000000000000001468e-04
2.200000000000000133e-03
2.299999999999999961e-03
4.899999999999999842e-03
-1.500000000000000031e-03
-2.200000000000000133e-03
-2.200000000000000133e-03
-6.999999999999999929e-04
-1.500000000000000031e-03
-2.000000000000000042e-03
-2.000000000000000096e-04
-1.100000000000000066e-03
-2.099999999999999870e-03
-4.000000000000000192e-04
-1.699999999999999905e-03
-1.799999999999999951e-03
-1.299999999999999940e-03
-1.299999999999999940e-03
-1.299999999999999940e-03
-2.700000000000000143e-03
-1.600000000000000077e-03
-3.099999999999999891e-03
-3.399999999999999811e-03
-2.700000000000000143e-03
2.700000000000000143e-03
-2.000000000000000042e-03
-2.599999999999999881e-03
-1.799999999999999951e-03
-3.200000000000000153e-03
-2.299999999999999961e-03
-1.299999999999999940e-03
4.000000000000000083e-03
4.999999999999999237e-03
-1.600000000000000077e-03
1.109999999999999876e-02
-1.299999999999999940e-03
-2.399999999999999790e-03
-3.200000000000000153e-03
-3.099999999999999891e-03
-3.299999999999999982e-03
-3.500000000000000073e-03
-3.299999999999999982e-03
-2.899999999999999800e-03
-3.700000000000000164e-03
-3.799999999999999992e-03
-3.000000000000000062e-03
-2.099999999999999870e-03
-3.299999999999999982e-03
-4.100000000000000346e-03
-3.500000000000000073e-03
-3.399999999999999811e-03
-1.899999999999999996e-03
-2.899999999999999800e-03
-6.000000000000002727e-04
4.300000000000000003e-03
1.490000000000000178e-02
-3.299999999999999982e-03
-3.299999999999999982e-03
-3.500000000000000073e-03
9.099999999999998715e-03
7.000000000000001013e-04
1.469999999999999953e-02
1.290000000000000174e-02
-1.000000000000000021e-03
-3.399999999999999811e-03
9.999999999999998040e-04
-1.799999999999999951e-03
-3.900000000000000255e-03
-3.799999999999999992e-03
-4.400000000000000265e-03
-3.599999999999999901e-03
-4.100000000000000346e-03
-3.700000000000000164e-03
-3.200000000000000153e-03
-8.000000000000000383e-04
-1.199999999999999895e-03
-2.000000000000000042e-03
-2.500000000000000052e-03
-1.400000000000000203e-03
2.699999999999999709e-03
1.529999999999999936e-02
-3.000000000000000062e-03
-1.799999999999999951e-03
1.870000000000000134e-02
7.400000000000000328e-03
1.700000000000000122e-03
-1.500000000000000031e-03
1.310000000000000053e-02
5.799999999999999600e-03
1.000000000000000021e-03
-1.800000000000000168e-03
-3.700000000000000164e-03
-4.400000000000000265e-03
-2.700000000000000143e-03
-2.599999999999999881e-03
1.049999999999999892e-02
9.600000000000000894e-03
6.999999999999999278e-03
-1.499999999999999814e-03
-4.599999999999999922e-03
-2.399999999999999790e-03
-4.000000000000000083e-03
-4.499999999999999660e-03
-4.599999999999999922e-03
-4.899999999999999842e-03
-5.000000000000000104e-03
-5.100000000000000366e-03
-4.499999999999999660e-03
-3.099999999999999891e-03
-4.799999999999999580e-03
-3.799999999999999992e-03
-4.700000000000000185e-03
-3.899999999999999821e-03
-3.399999999999999811e-03
-2.700000000000000143e-03
-3.700000000000000164e-03
-4.000000000000000083e-03
-3.500000000000000073e-03
-2.099999999999999870e-03
-2.599999999999999881e-03
-3.599999999999999901e-03
-5.999999999999998390e-04
-5.999999999999998390e-04
4.599999999999999922e-03
2.000000000000000042e-03
-2.500000000000000052e-03
4.799999999999999580e-03
-9.999999999999982861e-05
-4.000000000000000083e-03
-3.299999999999999982e-03
-3.899999999999999821e-03
-3.799999999999999992e-03
-3.399999999999999811e-03
-1.000000000000000021e-03
-2.799999999999999972e-03
-3.099999999999999891e-03
-2.199999999999999699e-03
-2.000000000000000042e-03
-2.700000000000000143e-03
-2.599999999999999881e-03
-1.100000000000000066e-03
1.100000000000000066e-03
-5.000000000000000104e-04
-3.000000000000000062e-03
2.000000000000000475e-03
-2.799999999999999972e-03
-3.599999999999999901e-03
-3.500000000000000073e-03
6.000000000000000125e-03
2.199999999999999699e-03
2.699999999999999709e-03
-2.099999999999999870e-03
-1.799999999999999951e-03
-3.399999999999999811e-03
-3.000000000000000062e-03
-2.000000000000000042e-03
2.899999999999999800e-03
-1.299999999999999940e-03
-1.199999999999999895e-03
-1.500000000000000031e-03
-8.000000000000000383e-04
-1.300000000000000157e-03
-7.999999999999999299e-04
-1.600000000000000077e-03
-2.299999999999999961e-03
-2.899999999999999800e-03
-2.299999999999999961e-03
-3.000000000000000062e-03
-3.000000000000000062e-03
-2.099999999999999870e-03
-1.100000000000000066e-03
-1.500000000000000031e-03
-1.699999999999999905e-03
-1.699999999999999905e-03
-1.299999999999999940e-03
-1.500000000000000031e-03
-2.399999999999999790e-03
-2.200000000000000133e-03
-2.200000000000000133e-03
-2.200000000000000133e-03
-2.299999999999999961e-03
-2.399999999999999790e-03
-2.200000000000000133e-03
-1.600000000000000077e-03
8.999999999999999320e-03
1.699999999999999905e-03
-2.999999999999999195e-04
-8.999999999999999754e-04
1.200000000000000112e-03
-1.199999999999999895e-03
-1.500000000000000031e-03
-1.899999999999999996e-03
-2.000000000000000042e-03
-1.600000000000000077e-03
5.199999999999999761e-03
-1.200000000000000112e-03
-1.599999999999999860e-03
-1.799999999999999951e-03
-1.699999999999999905e-03
-1.600000000000000077e-03
-1.100000000000000066e-03
-1.199999999999999895e-03
-1.399999999999999986e-03
-5.999999999999999474e-04
1.700000000000000122e-02
-6.999999999999998845e-04
-1.199999999999999895e-03
-5.999999999999999474e-04
-3.000000000000000279e-04
-8.999999999999999754e-04
1.200000000000000112e-03
2.199999999999999699e-03
-1.000000000000000021e-03
-1.199999999999999895e-03
-1.399999999999999986e-03
-3.000000000000000279e-04
-8.000000000000000383e-04
-1.000000000000000021e-03
-1.100000000000000066e-03
-1.100000000000000066e-03
-5.000000000000000104e-04
-5.999999999999999474e-04
-4.000000000000000192e-04
-2.999999999999999737e-04
-6.999999999999999929e-04
-1.000000000000000021e-03
-8.999999999999999754e-04
1.600000000000000077e-03
3.000000000000000279e-04
6.099999999999999520e-03
3.000000000000000279e-04
-6.999999999999999929e-04
-5.000000000000000104e-04
-2.000000000000000096e-04
-1.999999999999999825e-04
2.399999999999999790e-03
1.999999999999999283e-04
2.900000000000000234e-03
1.500000000000000031e-03
5.399999999999999419e-03
2.720000000000000195e-02
-2.000000000000000096e-04
5.399999999999999419e-03
4.800000000000000447e-03
2.299999999999999961e-03
0.000000000000000000e+00
-2.000000000000000096e-04
3.299999999999999982e-03
3.999999999999999650e-04
-1.000000000000000048e-04
1.000000000000000021e-02
4.000000000000000192e-04
2.399999999999999790e-03
-1.999999999999999825e-04
-2.000000000000000096e-04
-2.999999999999999737e-04
-2.000000000000000096e-04
-1.000000000000000048e-04
-2.000000000000000096e-04
-2.000000000000000096e-04
-1.000000000000000048e-04
4.199999999999999740e-03
5.999999999999999474e-04
0.000000000000000000e+00
4.000000000000000192e-04
-4.000000000000000192e-04
-2.999999999999999737e-04
-2.000000000000000096e-04
-4.000000000000000192e-04
-2.999999999999999737e-04
-1.000000000000000048e-04
4.599999999999999922e-03
1.099999999999999849e-03
0.000000000000000000e+00
4.999999999999999020e-04
6.000000000000000559e-04
-1.000000000000000048e-04
-4.000000000000000192e-04
5.000000000000000104e-04
-2.000000000000000096e-04
-2.000000000000000096e-04
-1.000000000000000048e-04
-4.000000000000000192e-04
-1.000000000000000048e-04
-2.000000000000000096e-04
-1.000000000000000048e-04
1.000000000000000048e-04
5.000000000000000104e-04
4.000000000000000192e-04
-2.000000000000000096e-04
-1.000000000000000048e-04
-1.999999999999999825e-04
-2.000000000000000096e-04
4.999999999999999020e-04
6.599999999999999964e-03
7.999999999999999299e-04
-2.999999999999999737e-04
-5.000000000000000104e-04
-4.000000000000000192e-04
-2.999999999999999737e-04
-2.999999999999999737e-04
-2.000000000000000096e-04
3.799999999999999992e-03
3.399999999999999811e-03
-1.999999999999999825e-04
-4.000000000000000192e-04
-4.000000000000000192e-04
4.300000000000000003e-03
-4.999999999999999020e-04
6.099999999999999520e-03
5.899999999999999863e-03
-4.000000000000000192e-04
-1.999999999999999825e-04
-4.000000000000000192e-04
-4.000000000000000192e-04
3.999999999999998565e-04
-5.999999999999999474e-04
2.000000000000000042e-03
-6.999999999999999929e-04
-4.000000000000000192e-04
3.000000000000000279e-04
6.599999999999999964e-03
-5.000000000000000104e-04
-6.999999999999999929e-04
2.199999999999999699e-03
5.199999999999999761e-03
6.999999999999999929e-04
-2.000000000000000096e-04
-8.000000000000000383e-04
-5.999999999999999474e-04
-4.000000000000000192e-04
-4.000000000000000192e-04
-2.000000000000000096e-04
0.000000000000000000e+00
-9.999999999999996413e-05
5.000000000000001188e-04
-6.999999999999999929e-04
-8.000000000000000383e-04
-1.000000000000000021e-03
-2.999999999999999737e-04
-2.000000000000000096e-04
-5.999999999999999474e-04
-1.000000000000000021e-03
-8.999999999999999754e-04
-5.999999999999999474e-04
-8.999999999999999754e-04
2.599999999999999881e-03
-1.000000000000000454e-04
-9.000000000000000838e-04
1.100000000000000066e-03
-6.000000000000000559e-04
-1.199999999999999895e-03
-2.000000000000000096e-04
9.700000000000000289e-03
-1.399999999999999986e-03
-1.299999999999999940e-03
-1.799999999999999951e-03
-2.099999999999999870e-03
-2.000000000000000042e-03
-1.899999999999999996e-03
-2.000000000000000042e-03
-1.899999999999999996e-03
-2.000000000000000042e-03
-2.099999999999999870e-03
-1.799999999999999951e-03
-1.899999999999999996e-03
-2.200000000000000133e-03
-2.399999999999999790e-03
-5.999999999999999474e-04
0.000000000000000000e+00
2.060000000000000026e-02
2.299999999999999961e-03
-5.000000000000000104e-04
-1.000000000000000021e-03
4.300000000000000003e-03
3.700000000000000164e-03
1.799999999999999951e-03
-5.000000000000000104e-04
2.099999999999999870e-03
5.599999999999999943e-03
4.800000000000000447e-03
8.199999999999998956e-03
-5.000000000000001188e-04
-1.100000000000000066e-03
6.000000000000000559e-04
-2.200000000000000133e-03
-1.399999999999999986e-03
-2.500000000000000052e-03
2.700000000000000143e-03
9.499999999999999764e-03
-1.600000000000000077e-03
-1.500000000000000031e-03
-2.000000000000000909e-04
-7.000000000000001013e-04
-1.699999999999999905e-03
-5.000000000000000104e-04
-2.299999999999999961e-03
-2.200000000000000133e-03
-2.799999999999999972e-03
-2.999999999999999737e-04
-8.999999999999999754e-04
-1.499999999999999814e-03
-1.000000000000000021e-03
-5.999999999999998390e-04
-3.100000000000000325e-03
8.000000000000000167e-03
-3.099999999999999891e-03
-1.199999999999999895e-03
2.299999999999999961e-03
0.000000000000000000e+00
-2.899999999999999800e-03
-2.900000000000000234e-03
-6.999999999999998845e-04
6.000000000000000559e-04
8.600000000000000006e-03
1.099999999999999849e-03
8.399999999999999481e-03
3.000000000000000062e-03
1.300000000000000157e-03
3.700000000000000164e-03
1.030000000000000013e-02
3.299999999999999548e-03
-3.000000000000000062e-03
-2.799999999999999972e-03
-2.899999999999999800e-03
-3.599999999999999901e-03
-3.299999999999999982e-03
1.200000000000000112e-03
-2.500000000000000052e-03
-2.100000000000000304e-03
4.199999999999999740e-03
1.910000000000000239e-02
5.400000000000000286e-03
-2.399999999999999790e-03
-1.800000000000000168e-03
7.200000000000000670e-03
-1.500000000000000031e-03
-3.099999999999999891e-03
-3.299999999999999982e-03
-2.000000000000000042e-03
7.900000000000000772e-03
-1.299999999999999940e-03
9.999999999999982861e-05
2.199999999999999699e-03
-3.999999999999997481e-04
-2.700000000000000143e-03
-2.099999999999999870e-03
-3.700000000000000164e-03
-2.500000000000000052e-03
-1.399999999999999986e-03
-6.999999999999999929e-04
-3.299999999999999982e-03
-3.000000000000000062e-03
-3.999999999999997481e-04
-2.799999999999999972e-03
-2.700000000000000143e-03
-6.999999999999999929e-04
9.400000000000000369e-03
-7.999999999999999299e-04
-2.000000000000000042e-03
-4.300000000000000003e-03
-3.599999999999999901e-03
4.400000000000000265e-03
-1.199999999999999895e-03
2.900000000000000234e-03
5.000000000000000104e-03
8.600000000000000006e-03
2.200000000000000133e-03
-2.100000000000000304e-03
-4.499999999999999660e-03
1.159999999999999920e-02
-5.999999999999998390e-04
-1.000000000000000238e-03
-1.999999999999998741e-04
4.240000000000000019e-02
-1.600000000000000077e-03
-1.700000000000000122e-03
-4.199999999999999740e-03
-4.199999999999999740e-03
-4.300000000000000003e-03
-3.700000000000000164e-03
-2.599999999999999881e-03
-2.599999999999999881e-03
-1.899999999999999996e-03
-3.899999999999999821e-03
-2.799999999999999972e-03
-5.000000000000000104e-04
-7.999999999999999299e-04
-1.300000000000000157e-03
7.000000000000001013e-04
-1.600000000000000077e-03
1.099999999999999849e-03
2.379999999999999824e-02
1.399999999999999986e-03
-2.000000000000000042e-03
-1.699999999999999905e-03
-2.599999999999999881e-03
7.799999999999999642e-03
6.599999999999999964e-03
-2.500000000000000052e-03
-2.400000000000000223e-03
-3.900000000000000255e-03
-3.000000000000000062e-03
4.599999999999999922e-03
6.700000000000000226e-03
-1.599999999999999860e-03
1.060000000000000005e-02
-2.700000000000000143e-03
-1.999999999999996572e-04
-8.000000000000000383e-04
7.499999999999999722e-03
-1.799999999999999951e-03
-2.599999999999999881e-03
5.199999999999999761e-03
3.799999999999999992e-03
4.400000000000000265e-03
-1.400000000000000203e-03
-1.199999999999999895e-03
-1.799999999999999951e-03
-2.200000000000000133e-03
-2.299999999999999961e-03
-1.100000000000000066e-03
-2.500000000000000052e-03
-3.000000000000000062e-03
-2.799999999999999972e-03
-2.799999999999999972e-03
-2.299999999999999961e-03
-2.700000000000000143e-03
-1.799999999999999951e-03
-1.899999999999999996e-03
-2.200000000000000133e-03
-2.799999999999999972e-03
-2.500000000000000052e-03
5.999999999999998390e-04
-1.600000000000000077e-03
-2.000000000000000042e-03
8.000000000000000167e-03
1.260000000000000009e-02
-5.000000000000000104e-04
6.899999999999999883e-03
7.599999999999999117e-03
-1.299999999999999940e-03
-4.999999999999999020e-04
6.399999999999999439e-03
-6.000000000000000559e-04
-1.299999999999999940e-03
-1.500000000000000031e-03
-1.599999999999999860e-03
-1.599999999999999860e-03
-1.500000000000000031e-03
-2.000000000000000042e-03
-1.699999999999999905e-03
-1.399999999999999986e-03
9.000000000000000838e-04
-6.999999999999999929e-04
-5.000000000000000104e-04
-1.799999999999999951e-03
-1.699999999999999905e-03
-1.799999999999999951e-03
-1.699999999999999905e-03
-1.699999999999999905e-03
-1.899999999999999996e-03
-1.799999999999999951e-03
-1.799999999999999951e-03
-1.600000000000000077e-03
-1.100000000000000066e-03
-1.100000000000000066e-03
-1.500000000000000031e-03
-5.000000000000000104e-04
-1.000000000000000021e-03
-1.399999999999999986e-03
-5.000000000000000104e-04
-4.000000000000000192e-04
-1.199999999999999895e-03
-5.999999999999999474e-04
-1.100000000000000066e-03
-5.000000000000000104e-04
2.900000000000000234e-03
5.999999999999999474e-04
3.699999999999999730e-03
-2.000000000000000096e-04
-5.000000000000000104e-04
-5.999999999999999474e-04
-1.000000000000000454e-04
2.200000000000000133e-03
-1.000000000000000021e-03
-8.999999999999999754e-04
-5.999999999999999474e-04
-8.000000000000000383e-04
-2.999999999999999737e-04
-8.000000000000000383e-04
-1.000000000000000048e-04
6.999999999999999929e-04
8.000000000000000383e-04
-9.999999999999996413e-05
-2.000000000000000096e-04
8.000000000000001468e-04
-2.000000000000000096e-04
1.230000000000000017e-02
6.000000000000000559e-04
1.409999999999999969e-02
7.000000000000001013e-04
3.999999999999999650e-04
-1.000000000000000048e-04
8.999999999999999754e-04
4.999999999999999237e-03
-2.000000000000000096e-04
4.200000000000000608e-03
5.899999999999999863e-03
9.999999999999996413e-05
0.000000000000000000e+00
2.599999999999999881e-03
0.000000000000000000e+00
-9.999999999999999124e-05
-2.000000000000000096e-04
-5.000000000000000104e-04
-1.999999999999999825e-04
-4.000000000000000192e-04
-5.999999999999999474e-04
0.000000000000000000e+00
1.099999999999999849e-03
-1.000000000000000454e-04
0.000000000000000000e+00
-3.000000000000000279e-04
7.800000000000000509e-03
4.700000000000000185e-03
0.000000000000000000e+00
7.999999999999999299e-04
3.599999999999999901e-03
-1.000000000000000454e-04
0.000000000000000000e+00
8.999999999999999754e-04
-5.000000000000000104e-04
-4.000000000000000192e-04
-4.000000000000000192e-04
-3.000000000000000279e-04
-1.000000000000000048e-04
-4.000000000000000192e-04
-2.999999999999999737e-04
-2.999999999999999737e-04
-1.000000000000000048e-04
-2.000000000000000096e-04
-2.999999999999999737e-04
-2.000000000000000096e-04
-2.000000000000000096e-04
1.000000000000000454e-04
-4.000000000000000192e-04
-4.000000000000000192e-04
-4.000000000000000192e-04
-4.000000000000000192e-04
-1.000000000000000048e-04
-2.000000000000000096e-04
1.999999999999999825e-04
0.000000000000000000e+00
0.000000000000000000e+00
0.000000000000000000e+00
0.000000000000000000e+00
0.000000000000000000e+00
4.000000000000000192e-04
-1.000000000000000048e-04
-2.000000000000000096e-04
-5.000000000000000104e-04
-1.999999999999999825e-04
1.100000000000000066e-03
-1.000000000000000048e-04
-2.999999999999999737e-04
0.000000000000000000e+00
-1.000000000000000048e-04
0.000000000000000000e+00
9.999999999999998040e-04
-2.000000000000000367e-04
1.899999999999999779e-03
1.600000000000000077e-03
-4.999999999999999020e-04
3.000000000000000279e-04
5.599999999999999943e-03
1.800000000000000168e-03
1.799999999999999951e-03
3.999999999999999650e-04
4.300000000000000003e-03
-4.000000000000000192e-04
-2.000000000000000096e-04
-5.999999999999999474e-04
-1.999999999999999825e-04
0.000000000000000000e+00
-2.000000000000000096e-04
3.000000000000000279e-04
1.899999999999999779e-03
1.499999999999999814e-03
2.299999999999999961e-03
3.699999999999999730e-03
8.999999999999999754e-04
1.729999999999999941e-02
-8.999999999999999754e-04
-6.999999999999999929e-04
-8.999999999999999754e-04
-2.999999999999999737e-04
1.290000000000000001e-02
1.000000000000000021e-02
1.900000000000000213e-03
3.000000000000000279e-04
3.599999999999999901e-03
8.100000000000001296e-03
3.599999999999999901e-03
3.599999999999999901e-03
1.099999999999999849e-03
2.100000000000000304e-03
-8.999999999999999754e-04
-1.399999999999999986e-03
1.600000000000000077e-03
3.999999999999999650e-04
-9.000000000000000838e-04
-1.600000000000000077e-03
-7.000000000000001013e-04
5.800000000000000468e-03
-5.999999999999999474e-04
-4.000000000000000192e-04
-1.500000000000000031e-03
-2.999999999999999737e-04
-8.000000000000001468e-04
-8.000000000000000383e-04
-1.500000000000000031e-03
-1.199999999999999895e-03
-1.699999999999999905e-03
-8.999999999999999754e-04
-1.000000000000000454e-04
-1.999999999999999825e-04
-1.000000000000000021e-03
-1.000000000000000021e-03
-2.099999999999999870e-03
-2.200000000000000133e-03
-2.399999999999999790e-03
-5.999999999999999474e-04
-2.999999999999999195e-04
7.000000000000000146e-03
-2.000000000000000909e-04
1.999999999999999825e-04
-8.999999999999999754e-04
-1.799999999999999951e-03
-5.000000000000000104e-04
2.069999999999999965e-02
5.199999999999999761e-03
-1.199999999999999895e-03
-1.999999999999999825e-04
-4.000000000000000734e-04
1.800000000000000168e-03
1.399999999999999986e-03
-1.299999999999999940e-03
-1.299999999999999940e-03
5.999999999999999474e-04
2.099999999999999870e-03
4.000000000000000083e-03
-6.999999999999998845e-04
1.099999999999999849e-03
-5.999999999999999474e-04
-1.099999999999999849e-03
8.999999999999999754e-04
5.000000000000000104e-03
2.500000000000000486e-03
-1.100000000000000066e-03
-1.899999999999999779e-03
5.999999999999998390e-04
-3.000000000000000062e-03
-3.000000000000000062e-03
-3.000000000000000062e-03
-3.399999999999999811e-03
-1.000000000000000021e-03
2.100000000000000304e-03
-9.999999999999982861e-05
4.499999999999999660e-03
1.390000000000000090e-02
-2.899999999999999800e-03
-1.399999999999999769e-03
-3.000000000000000062e-03
-2.900000000000000234e-03
-6.000000000000000559e-04
6.999999999999998845e-04
8.699999999999999400e-03
-1.199999999999999895e-03
-5.000000000000000104e-04
-3.299999999999999982e-03
-3.799999999999999992e-03
-8.000000000000000383e-04
2.900000000000000234e-03
-4.000000000000000083e-03
-3.799999999999999992e-03
-3.399999999999999811e-03
-1.399999999999999986e-03
-7.999999999999999299e-04
-2.200000000000000133e-03
-2.500000000000000486e-03
-1.699999999999999905e-03
3.300000000000000416e-03
-2.500000000000000052e-03
-4.400000000000000265e-03
-4.599999999999999922e-03
-4.400000000000000265e-03
1.700000000000000122e-03
-6.999999999999998845e-04
1.380000000000000150e-02
9.000000000000001055e-03
2.060000000000000026e-02
-1.500000000000000031e-03
-4.199999999999999740e-03
-4.000000000000000083e-03
-4.599999999999999922e-03
-3.599999999999999901e-03
-3.700000000000000164e-03
-3.099999999999999891e-03
-1.000000000000000021e-03
-7.999999999999999299e-04
-4.400000000000000265e-03
-2.000000000000000042e-03
-4.499999999999999660e-03
-4.700000000000000185e-03
-4.700000000000000185e-03
-4.000000000000000083e-03
-3.899999999999999821e-03
-4.499999999999999660e-03
-2.200000000000000133e-03
-8.000000000000001468e-04
-4.700000000000000185e-03
-3.500000000000000073e-03
-2.299999999999999961e-03
-3.299999999999999982e-03
-4.899999999999999842e-03
-4.400000000000000265e-03
1.700000000000000122e-03
1.000000000000000021e-03
-5.100000000000000366e-03
-4.599999999999999922e-03
-5.199999999999999761e-03
-5.100000000000000366e-03
-4.700000000000000185e-03
-4.199999999999999740e-03
-3.299999999999999982e-03
-3.200000000000000153e-03
-7.000000000000001013e-04
-4.799999999999999580e-03
-4.300000000000000003e-03
-1.099999999999999849e-03
4.899999999999999842e-03
-1.599999999999999860e-03
-3.299999999999999982e-03
6.999999999999998845e-04
3.300000000000000155e-02
2.499999999999999618e-03
-1.900000000000000213e-03
-2.299999999999999961e-03
-1.199999999999999895e-03
3.499999999999999639e-03
-6.000000000000002727e-04
6.999999999999998845e-04
1.200000000000000112e-03
-3.500000000000000073e-03
0.000000000000000000e+00
5.999999999999998390e-04
8.000000000000000167e-03
-1.200000000000000112e-03
-2.299999999999999961e-03
-3.899999999999999821e-03
-2.799999999999999972e-03
1.099999999999999849e-03
-3.799999999999999992e-03
6.799999999999998754e-03
-5.999999999999998390e-04
-4.199999999999999740e-03
5.899999999999998995e-03
-3.700000000000000164e-03
-3.799999999999999992e-03
-4.199999999999999740e-03
-3.599999999999999901e-03
-3.700000000000000164e-03
-4.000000000000000083e-03
-4.100000000000000346e-03
-4.199999999999999740e-03
-4.300000000000000003e-03
-3.099999999999999891e-03
-2.200000000000000133e-03
-2.000000000000000042e-03
-2.899999999999999800e-03
-1.399999999999999986e-03
-2.700000000000000143e-03
-3.599999999999999901e-03
-2.200000000000000133e-03
-3.299999999999999982e-03
-3.000000000000000062e-03
-2.899999999999999800e-03
-1.399999999999999986e-03
-1.699999999999999905e-03
-5.000000000000000104e-04
-2.200000000000000133e-03
-2.400000000000000223e-03
-7.999999999999999299e-04
-3.200000000000000153e-03
-3.399999999999999811e-03
-2.799999999999999972e-03
-3.099999999999999891e-03
-2.599999999999999881e-03
-2.799999999999999972e-03
1.000000000000000021e-03
3.200000000000000153e-03
-1.899999999999999996e-03
-2.700000000000000143e-03
-2.700000000000000143e-03
-2.599999999999999881e-03
-2.899999999999999800e-03
-1.899999999999999779e-03
-1.599999999999999860e-03
-8.000000000000000383e-04
1.799999999999999951e-03
-1.199999999999999895e-03
5.000000000000000104e-04
3.299999999999999982e-03
-2.000000000000000909e-04
-1.000000000000000021e-03
6.000000000000000559e-04
-1.699999999999999905e-03
-4.000000000000000192e-04
5.000000000000000104e-04
7.799999999999999642e-03
6.800000000000000488e-03
3.299999999999999982e-03
-1.500000000000000031e-03
-1.899999999999999996e-03
-1.799999999999999951e-03
-2.000000000000000042e-03
-1.600000000000000077e-03
-8.000000000000000383e-04
-5.000000000000000104e-04
-8.000000000000000383e-04
-3.000000000000000279e-04
2.599999999999999881e-03
2.500000000000000052e-03
-1.199999999999999895e-03
-6.999999999999999929e-04
4.300000000000000003e-03
4.399999999999999398e-03
1.400000000000000029e-02
8.000000000000000383e-04
3.500000000000000073e-03
1.039999999999999952e-02
1.340000000000000045e-02
2.400000000000000223e-03
5.000000000000000104e-03
2.000000000000000909e-04
-1.000000000000000021e-03
-1.199999999999999895e-03
-1.099999999999999849e-03
-8.999999999999999754e-04
-4.000000000000000192e-04
-4.000000000000000192e-04
-6.999999999999999929e-04
-8.999999999999999754e-04
-8.999999999999999754e-04
-8.999999999999999754e-04
-7.999999999999999299e-04
2.500000000000000052e-03
3.000000000000000062e-03
1.099999999999999849e-03
3.000000000000000279e-04
0.000000000000000000e+00
0.000000000000000000e+00
1.299999999999999940e-03
-5.999999999999999474e-04
5.899999999999999863e-03
9.000000000000000838e-04
5.899999999999999863e-03
-1.000000000000000048e-04
-9.999999999999993703e-05
-5.999999999999999474e-04
-1.000000000000000048e-04
-3.000000000000000279e-04
-5.999999999999999474e-04
-5.000000000000000104e-04
-1.000000000000000048e-04
3.000000000000000279e-04
6.000000000000000559e-04
2.900000000000000234e-03
5.400000000000000286e-03
2.400000000000000223e-03
4.399999999999999398e-03
4.000000000000000192e-04
6.700000000000000226e-03
0.000000000000000000e+00
-1.000000000000000048e-04
5.599999999999999943e-03
1.500000000000000031e-03
8.999999999999999754e-04
2.200000000000000133e-03
9.900000000000000813e-03
6.000000000000000559e-04
-4.000000000000000192e-04
-1.000000000000000048e-04
5.399999999999999419e-03
8.099999999999999561e-03
1.020000000000000073e-02
1.060000000000000005e-02
1.299999999999999940e-03
7.800000000000000509e-03
2.900000000000000234e-03
-5.000000000000000104e-04
-2.000000000000000096e-04
-2.999999999999999737e-04
8.000000000000000383e-04
6.000000000000000559e-04
5.100000000000000366e-03
-1.000000000000000048e-04
-2.000000000000000096e-04
3.000000000000000279e-04
6.999999999999999929e-04
1.000000000000000454e-04
-4.000000000000000192e-04
1.000000000000000048e-04
-4.000000000000000192e-04
-1.000000000000000048e-04
-5.000000000000000104e-04
-2.000000000000000096e-04
6.000000000000000559e-04
1.300000000000000157e-03
6.999999999999999929e-04
9.800000000000001418e-03
1.599999999999999860e-03
5.599999999999999943e-03
3.799999999999999992e-03
2.200000000000000133e-03
-3.000000000000000279e-04
3.400000000000000244e-03
2.100000000000000304e-03
6.999999999999999929e-04
1.739999999999999880e-02
3.000000000000000062e-03
1.599999999999999860e-03
-2.999999999999999737e-04
-2.000000000000000096e-04
-1.000000000000000048e-04
7.000000000000001013e-04
1.300000000000000157e-03
3.299999999999999982e-03
-5.999999999999999474e-04
9.999999999999999124e-05
-2.000000000000000096e-04
1.280000000000000061e-02
1.000000000000000454e-04
2.000000000000000367e-04
-4.000000000000000192e-04
-4.000000000000000192e-04
-8.000000000000000383e-04
-6.999999999999999929e-04
0.000000000000000000e+00
4.400000000000000265e-03
1.660000000000000017e-02
-1.000000000000000454e-04
2.009999999999999981e-02
7.100000000000000408e-03
-3.000000000000000279e-04
2.999999999999999195e-04
-8.999999999999999754e-04
-4.000000000000000192e-04
-5.000000000000000104e-04
-9.000000000000000838e-04
-6.999999999999999929e-04
-2.000000000000000096e-04
-1.000000000000000048e-04
-8.999999999999999754e-04
-4.000000000000000192e-04
5.999999999999999474e-04
1.799999999999999951e-03
-7.999999999999999299e-04
-8.999999999999999754e-04
-8.000000000000000383e-04
-4.000000000000000192e-04
-1.000000000000000021e-03
-8.999999999999999754e-04
4.000000000000000083e-03
4.500000000000000527e-03
-5.000000000000000104e-04
0.000000000000000000e+00
1.899999999999999996e-03
-2.999999999999999737e-04
-5.999999999999999474e-04
-8.000000000000000383e-04
-1.299999999999999940e-03
-8.999999999999999754e-04
1.299999999999999940e-03
2.700000000000000143e-03
2.899999999999999800e-03
2.000000000000000042e-03
3.599999999999999901e-03
0.000000000000000000e+00
9.199999999999999845e-03
6.800000000000000488e-03
8.000000000000000383e-04
9.199999999999999845e-03
-1.100000000000000066e-03
-1.299999999999999940e-03
-1.100000000000000066e-03
-2.000000000000000042e-03
-2.000000000000000042e-03
-1.099999999999999849e-03
-4.999999999999999020e-04
-1.500000000000000031e-03
-1.099999999999999849e-03
-1.500000000000000031e-03
-2.000000000000000042e-03
-1.699999999999999905e-03
-2.299999999999999961e-03
-2.500000000000000052e-03
-2.399999999999999790e-03
-2.599999999999999881e-03
-2.799999999999999972e-03
-2.899999999999999800e-03
-3.200000000000000153e-03
-3.099999999999999891e-03
-2.799999999999999972e-03
-2.099999999999999870e-03
-2.700000000000000143e-03
-2.899999999999999800e-03
-1.899999999999999996e-03
-2.500000000000000052e-03
-2.399999999999999790e-03
-1.399999999999999986e-03
-2.799999999999999972e-03
-2.599999999999999881e-03
-1.000000000000000021e-03
-2.899999999999999800e-03
-1.699999999999999905e-03
3.999999999999999650e-04
3.000000000000000062e-03
-7.999999999999999299e-04
-1.600000000000000077e-03
1.900000000000000213e-03
-6.000000000000000559e-04
2.799999999999999972e-03
-1.300000000000000157e-03
-2.099999999999999870e-03
-1.699999999999999905e-03
-1.199999999999999895e-03
-4.999999999999999020e-04
0.000000000000000000e+00
-2.000000000000000909e-04
-8.999999999999999754e-04
-2.799999999999999972e-03
-8.999999999999999754e-04
-1.100000000000000283e-03
-3.399999999999999811e-03
-2.399999999999999790e-03
1.079999999999999884e-02
-8.000000000000001468e-04
-3.900000000000000255e-03
-4.199999999999999740e-03
-4.300000000000000003e-03
-3.200000000000000153e-03
-2.700000000000000143e-03
-2.899999999999999800e-03
-3.999999999999997481e-04
8.999999999999997585e-04
2.699999999999999709e-03
-3.699999999999999730e-03
-3.700000000000000164e-03
-4.000000000000000083e-03
-3.599999999999999901e-03
-2.000000000000000042e-03
-4.000000000000000083e-03
9.999999999999998473e-03
-3.000000000000000062e-03
-4.700000000000000185e-03
-1.000000000000000021e-03
-1.799999999999999951e-03
-4.499999999999999660e-03
-1.300000000000000157e-03
1.500000000000000031e-03
8.000000000000001468e-04
4.700000000000000185e-03
-1.600000000000000294e-03
-6.000000000000000559e-04
-2.400000000000000223e-03
-2.799999999999999972e-03
-3.899999999999999821e-03
-3.200000000000000153e-03
-4.300000000000000003e-03
-3.399999999999999811e-03
-5.999999999999998390e-04
-2.899999999999999800e-03
-3.299999999999999982e-03
-3.899999999999999821e-03
-2.799999999999999972e-03
-1.099999999999999849e-03
-4.499999999999999660e-03
-4.199999999999999740e-03
-1.399999999999999986e-03
2.300000000000000395e-03
1.469999999999999953e-02
2.400000000000000223e-03
3.800000000000000426e-03
1.460000000000000187e-02
-8.000000000000003636e-04
8.600000000000000006e-03
8.399999999999999481e-03
2.700000000000000143e-03
-1.799999999999999951e-03
2.000000000000000909e-04
-2.299999999999999961e-03
-2.599999999999999881e-03
-3.000000000000000062e-03
1.999999999999998741e-04
-2.800000000000000405e-03
-2.599999999999999881e-03
-1.800000000000000168e-03
-2.500000000000000052e-03
-1.299999999999999940e-03
-1.000000000000000021e-03
1.999999999999999608e-03
-2.599999999999999881e-03
6.000000000000000559e-04
-3.599999999999999901e-03
-4.700000000000000185e-03
7.700000000000000247e-03
1.000000000000000454e-04
3.799999999999999992e-03
4.000000000000001818e-04
-3.399999999999999811e-03
-2.799999999999999972e-03
-4.000000000000000083e-03
-3.299999999999999982e-03
-2.599999999999999881e-03
-3.000000000000000062e-03
-7.999999999999999299e-04
-2.099999999999999870e-03
1.280000000000000061e-02
8.999999999999999754e-04
-2.199999999999999699e-03
-4.100000000000000346e-03
-1.599999999999999860e-03
-1.299999999999999940e-03
1.260000000000000009e-02
4.999999999999999020e-04
4.700000000000000185e-03
1.799999999999999517e-03
-3.700000000000000164e-03
-4.400000000000000265e-03
-3.799999999999999992e-03
1.319999999999999993e-02
-2.899999999999999800e-03
-2.899999999999999800e-03
-3.399999999999999811e-03
-3.500000000000000073e-03
-2.899999999999999800e-03
-2.899999999999999800e-03
-2.299999999999999961e-03
-3.700000000000000164e-03
-2.799999999999999972e-03
-9.999999999999982861e-05
-2.600000000000000314e-03
-1.199999999999999895e-03
-3.200000000000000153e-03
-1.199999999999999895e-03
1.399999999999999986e-03
0.000000000000000000e+00
2.500000000000000052e-03
-1.299999999999999940e-03
6.899999999999999016e-03
1.190000000000000085e-02
-1.500000000000000031e-03
3.000000000000003532e-04
1.100000000000000066e-03
9.099999999999998715e-03
-2.700000000000000143e-03
-2.799999999999999972e-03
-1.799999999999999951e-03
-1.500000000000000031e-03
-2.299999999999999961e-03
3.300000000000000416e-03
-1.699999999999999905e-03
1.050000000000000065e-02
-1.599999999999999860e-03
-1.399999999999999986e-03
-1.399999999999999986e-03
3.999999999999997481e-04
-6.999999999999999929e-04
2.799999999999999972e-03
5.000000000000000104e-03
5.400000000000000286e-03
4.700000000000000185e-03
3.200000000000000587e-03
-6.999999999999999929e-04
-6.999999999999999929e-04
-1.500000000000000031e-03
-1.600000000000000077e-03
-6.999999999999999929e-04
-5.000000000000000104e-04
0.000000000000000000e+00
2.999999999999999195e-04
8.799999999999998795e-03
3.200000000000000153e-03
1.900000000000000213e-03
-5.000000000000000104e-04
-6.999999999999999929e-04
5.999999999999999474e-04
3.199999999999999720e-03
4.899999999999999842e-03
-6.000000000000000559e-04
-6.999999999999999929e-04
-1.000000000000000021e-03
-8.000000000000000383e-04
7.500000000000000590e-03
3.299999999999999982e-03
2.399999999999999790e-03
4.899999999999999842e-03
2.480000000000000260e-02
-1.999999999999999825e-04
5.999999999999999474e-04
5.300000000000000024e-03
3.200000000000000153e-03
2.500000000000000052e-03
9.700000000000000289e-03
5.000000000000000104e-04
5.300000000000000024e-03
-5.000000000000000104e-04
0.000000000000000000e+00
9.999999999999999124e-05
1.100000000000000110e-02
-1.000000000000000454e-04
-6.999999999999999929e-04
-5.000000000000000104e-04
-5.999999999999999474e-04
1.000000000000000021e-03
1.999999999999999608e-03
-3.000000000000000279e-04
1.600000000000000294e-03
4.199999999999999740e-03
-2.999999999999999737e-04
0.000000000000000000e+00
1.370000000000000037e-02
1.099999999999999849e-03
-2.000000000000000096e-04
0.000000000000000000e+00
-1.999999999999999825e-04
2.399999999999999790e-03
7.399999999999999460e-03
1.609999999999999973e-02
1.800000000000000168e-03
2.400000000000000223e-03
4.200000000000000608e-03
1.099999999999999849e-03
6.399999999999999439e-03
1.179999999999999973e-02
2.799999999999999972e-03
5.000000000000000104e-03
1.799999999999999951e-03
1.999999999999999825e-04
3.000000000000000279e-04
2.500000000000000052e-03
2.299999999999999961e-03
3.600000000000000335e-03
4.599999999999999922e-03
1.399999999999999986e-03
4.000000000000000192e-04
6.000000000000000125e-03
1.300000000000000114e-02
5.200000000000000629e-03
1.000000000000000048e-04
2.299999999999999961e-03
2.000000000000000367e-04
1.149999999999999981e-02
2.100000000000000304e-03
3.000000000000000062e-03
8.000000000000000383e-04
-2.000000000000000096e-04
-5.000000000000000104e-04
-5.000000000000000104e-04
9.000000000000000838e-04
3.900000000000000255e-03
2.230000000000000038e-02
7.800000000000000509e-03
6.899999999999999883e-03
8.000000000000000383e-04
3.700000000000000164e-03
2.700000000000000143e-03
6.999999999999999929e-04
0.000000000000000000e+00
0.000000000000000000e+00
0.000000000000000000e+00
-1.000000000000000048e-04
1.999999999999999825e-04
7.700000000000001114e-03
8.300000000000000086e-03
0.000000000000000000e+00
9.999999999999996413e-05
-2.000000000000000096e-04
-5.000000000000000104e-04
-5.999999999999999474e-04
-6.999999999999999929e-04
-4.999999999999999020e-04
2.000000000000000367e-04
5.000000000000000104e-04
1.399999999999999986e-03
2.500000000000000052e-03
-5.999999999999999474e-04
8.000000000000001468e-04
1.799999999999999951e-03
5.700000000000000205e-03
0.000000000000000000e+00
-1.000000000000000048e-04
2.099999999999999870e-03
2.500000000000000052e-03
9.799999999999999684e-03
7.700000000000000247e-03
4.300000000000000003e-03
-3.000000000000000279e-04
5.899999999999999863e-03
-1.000000000000000048e-04
-5.999999999999999474e-04
-6.999999999999999929e-04
-6.999999999999999929e-04
-8.000000000000000383e-04
-8.000000000000000383e-04
-5.999999999999999474e-04
